                RHR Sleep Soreness Fatigue Stress  Mood   AWQ Cold.Time
RHR            1.00 -0.03     0.00    0.05  -0.10 -0.39 -0.29      0.05
Sleep         -0.03  1.00    -0.46    0.66   0.48  0.08  0.34     -0.08
Soreness       0.00 -0.46     1.00   -0.26  -0.37 -0.10  0.10     -0.15
Fatigue        0.05  0.66    -0.26    1.00   0.62  0.32  0.53      0.17
Stress        -0.10  0.48    -0.37    0.62   1.00  0.51  0.67      0.21
Mood          -0.39  0.08    -0.10    0.32   0.51  1.00  0.78      0.42
AWQ           -0.29  0.34     0.10    0.53   0.67  0.78  1.00      0.27
Cold.Time      0.05 -0.08    -0.15    0.17   0.21  0.42  0.27      1.00
Training.Load -0.06  0.10    -0.33    0.25  -0.01  0.13  0.00      0.00
Training.Time -0.24  0.16    -0.42    0.31   0.31  0.59  0.42      0.30
Intensity      0.32  0.20    -0.05    0.18  -0.14 -0.46 -0.33     -0.22
Work..        -0.29  0.09    -0.33    0.30   0.57  0.73  0.60      0.16
Rest..         0.29 -0.09     0.33   -0.30  -0.57 -0.73 -0.60     -0.16
Day.Total     -0.56  0.04    -0.09    0.09   0.47  0.72  0.72      0.38
Day.Work      -0.55  0.06    -0.11    0.11   0.50  0.75  0.75      0.37
O6             0.31 -0.16    -0.13    0.06   0.11 -0.08 -0.05     -0.27
O3            -0.19  0.28     0.15   -0.11   0.03  0.22  0.27     -0.08
O6.O3          0.22 -0.26     0.01    0.01  -0.21 -0.34 -0.23     -0.29
VitD           0.08  0.12    -0.48    0.01   0.15 -0.03 -0.12     -0.07
Se..ug.        0.31 -0.44     0.30   -0.40  -0.63 -0.43 -0.58     -0.19
Zn..mg.        0.49 -0.22     0.25    0.00  -0.32 -0.48 -0.52     -0.07
Na..mg.       -0.03  0.66    -0.54    0.39   0.33 -0.03  0.03     -0.13
Ca..mg.       -0.34  0.16     0.47   -0.06  -0.02  0.23  0.34     -0.14
Mg..mg.        0.11 -0.40     0.44   -0.28  -0.40 -0.05 -0.25     -0.23
K..mg.         0.10 -0.39     0.34   -0.22  -0.38 -0.09 -0.33     -0.16
Elec.Net       0.02  0.21    -0.05    0.11  -0.10 -0.08 -0.24     -0.30
NA.K          -0.15  0.11    -0.45   -0.04   0.13  0.18  0.09      0.19
IGF.1          0.48 -0.05     0.16   -0.20  -0.34 -0.63 -0.51     -0.27
MAP           -0.38 -0.38    -0.03   -0.44  -0.04  0.30  0.08      0.17
CVL            0.83 -0.25    -0.01   -0.20  -0.13 -0.23 -0.24      0.17
Caff.Dose     -0.23 -0.48     0.12   -0.66  -0.41 -0.26 -0.30      0.05
Caff.Time     -0.30 -0.05    -0.16   -0.25  -0.11 -0.33 -0.34     -0.14
Caff.Ratio    -0.12 -0.50     0.36   -0.51  -0.24  0.03  0.08      0.30
Kb.Load       -0.35  0.10    -0.29    0.05   0.46  0.62  0.61      0.37
Kb.Time        0.42  0.33    -0.01    0.31   0.05 -0.28 -0.10     -0.36
Kb.Weight     -0.01  0.40    -0.36    0.33   0.52  0.38  0.52      0.06
Protein        0.09 -0.35     0.38   -0.36  -0.51 -0.31 -0.50     -0.13
Fat           -0.05 -0.29     0.16   -0.34   0.07  0.34  0.27      0.14
Fat.Protein   -0.21 -0.01    -0.21    0.03   0.40  0.39  0.45      0.09
Blood.Glucose -0.16  0.20     0.04    0.22  -0.08  0.19  0.01     -0.16
Ketones       -0.39 -0.04    -0.03   -0.30   0.07  0.11  0.15     -0.02
Weight         1.00  0.00    -0.76    0.50  -0.50 -0.50 -0.96     -0.50
Fasted        -0.46  0.30    -0.26    0.33   0.70  0.70  0.71      0.35
              Training.Load Training.Time Intensity Work.. Rest.. Day.Total
RHR                   -0.06         -0.24      0.32  -0.29   0.29     -0.56
Sleep                  0.10          0.16      0.20   0.09  -0.09      0.04
Soreness              -0.33         -0.42     -0.05  -0.33   0.33     -0.09
Fatigue                0.25          0.31      0.18   0.30  -0.30      0.09
Stress                -0.01          0.31     -0.14   0.57  -0.57      0.47
Mood                   0.13          0.59     -0.46   0.73  -0.73      0.72
AWQ                    0.00          0.42     -0.33   0.60  -0.60      0.72
Cold.Time              0.00          0.30     -0.22   0.16  -0.16      0.38
Training.Load          1.00          0.68      0.55   0.13  -0.13     -0.09
Training.Time          0.68          1.00     -0.12   0.46  -0.46      0.53
Intensity              0.55         -0.12      1.00  -0.40   0.40     -0.71
Work..                 0.13          0.46     -0.40   1.00  -1.00      0.59
Rest..                -0.13         -0.46      0.40  -1.00   1.00     -0.59
Day.Total             -0.09          0.53     -0.71   0.59  -0.59      1.00
Day.Work              -0.06          0.55     -0.69   0.63  -0.63      1.00
O6                     0.31          0.13      0.32   0.15  -0.15     -0.16
O3                    -0.16          0.12     -0.17  -0.10   0.10      0.27
O6.O3                  0.34         -0.01      0.39   0.03  -0.03     -0.36
VitD                   0.19          0.42     -0.03  -0.05   0.05      0.07
Se..ug.               -0.22         -0.41     -0.02  -0.41   0.41     -0.48
Zn..mg.               -0.07         -0.25      0.27  -0.60   0.60     -0.62
Na..mg.                0.36          0.35      0.40  -0.01   0.01     -0.10
Ca..mg.               -0.33         -0.20     -0.26   0.07  -0.07      0.24
Mg..mg.               -0.43         -0.48     -0.28  -0.09   0.09     -0.24
K..mg.                -0.37         -0.41     -0.27  -0.13   0.13     -0.23
Elec.Net              -0.11         -0.13      0.03  -0.13   0.13     -0.28
NA.K                   0.39          0.38      0.20   0.17  -0.17      0.19
IGF.1                 -0.59         -0.70      0.01  -0.46   0.46     -0.52
MAP                    0.03          0.34     -0.51   0.10  -0.10      0.57
CVL                   -0.05         -0.05      0.01  -0.25   0.25     -0.23
Caff.Dose             -0.08         -0.08     -0.08  -0.22   0.22      0.12
Caff.Time             -0.23         -0.20     -0.11  -0.22   0.22      0.04
Caff.Ratio             0.02          0.15     -0.18  -0.08   0.08      0.32
Kb.Load                0.09          0.67     -0.52   0.57  -0.57      0.85
Kb.Time                0.45         -0.11      0.87  -0.18   0.18     -0.65
Kb.Weight              0.49          0.61      0.21   0.48  -0.48      0.30
Protein               -0.15         -0.33     -0.01  -0.33   0.33     -0.36
Fat                   -0.15          0.28     -0.41   0.07  -0.07      0.50
Fat.Protein            0.09          0.42     -0.24   0.30  -0.30      0.58
Blood.Glucose          0.07         -0.04      0.13  -0.03   0.03     -0.15
Ketones                0.06          0.04     -0.03  -0.03   0.03      0.32
Weight                 0.28          0.28       NaN  -0.72   0.72     -0.84
Fasted                -0.15          0.39     -0.57   0.61  -0.61      0.84
              Day.Work    O6    O3 O6.O3  VitD Se..ug. Zn..mg. Na..mg. Ca..mg.
RHR              -0.55  0.31 -0.19  0.22  0.08    0.31    0.49   -0.03   -0.34
Sleep             0.06 -0.16  0.28 -0.26  0.12   -0.44   -0.22    0.66    0.16
Soreness         -0.11 -0.13  0.15  0.01 -0.48    0.30    0.25   -0.54    0.47
Fatigue           0.11  0.06 -0.11  0.01  0.01   -0.40    0.00    0.39   -0.06
Stress            0.50  0.11  0.03 -0.21  0.15   -0.63   -0.32    0.33   -0.02
Mood              0.75 -0.08  0.22 -0.34 -0.03   -0.43   -0.48   -0.03    0.23
AWQ               0.75 -0.05  0.27 -0.23 -0.12   -0.58   -0.52    0.03    0.34
Cold.Time         0.37 -0.27 -0.08 -0.29 -0.07   -0.19   -0.07   -0.13   -0.14
Training.Load    -0.06  0.31 -0.16  0.34  0.19   -0.22   -0.07    0.36   -0.33
Training.Time     0.55  0.13  0.12 -0.01  0.42   -0.41   -0.25    0.35   -0.20
Intensity        -0.69  0.32 -0.17  0.39 -0.03   -0.02    0.27    0.40   -0.26
Work..            0.63  0.15 -0.10  0.03 -0.05   -0.41   -0.60   -0.01    0.07
Rest..           -0.63 -0.15  0.10 -0.03  0.05    0.41    0.60    0.01   -0.07
Day.Total         1.00 -0.16  0.27 -0.36  0.07   -0.48   -0.62   -0.10    0.24
Day.Work          1.00 -0.14  0.27 -0.34  0.07   -0.51   -0.65   -0.08    0.25
O6               -0.14  1.00 -0.33  0.54  0.12    0.14    0.00    0.22   -0.55
O3                0.27 -0.33  1.00 -0.71  0.19   -0.23   -0.19    0.38    0.68
O6.O3            -0.34  0.54 -0.71  1.00  0.13    0.28    0.23   -0.12   -0.59
VitD              0.07  0.12  0.19  0.13  1.00   -0.08    0.25    0.49   -0.41
Se..ug.          -0.51  0.14 -0.23  0.28 -0.08    1.00    0.56   -0.23   -0.14
Zn..mg.          -0.65  0.00 -0.19  0.23  0.25    0.56    1.00    0.01   -0.28
Na..mg.          -0.08  0.22  0.38 -0.12  0.49   -0.23    0.01    1.00   -0.10
Ca..mg.           0.25 -0.55  0.68 -0.59 -0.41   -0.14   -0.28   -0.10    1.00
Mg..mg.          -0.25 -0.21  0.02 -0.21 -0.43    0.43    0.22   -0.56    0.42
K..mg.           -0.25 -0.22 -0.06 -0.20 -0.37    0.48    0.34   -0.49    0.33
Elec.Net         -0.28 -0.12  0.39 -0.40 -0.01    0.25    0.29    0.37    0.42
NA.K              0.21  0.41  0.05  0.11  0.33   -0.19   -0.38    0.44   -0.41
IGF.1            -0.54 -0.07 -0.10  0.04 -0.05    0.88    0.58   -0.09   -0.02
MAP               0.54  0.01  0.19 -0.24  0.14    0.16   -0.29   -0.13    0.04
CVL              -0.25  0.32 -0.09  0.08  0.16    0.44    0.35   -0.12   -0.33
Caff.Dose         0.09  0.15 -0.20  0.31  0.08    0.22   -0.02   -0.22   -0.32
Caff.Time         0.01 -0.06 -0.17  0.04  0.08    0.12    0.16    0.05   -0.20
Caff.Ratio        0.30  0.07  0.00  0.16  0.01    0.14   -0.10   -0.28   -0.14
Kb.Load           0.86  0.07  0.17 -0.13  0.30   -0.52   -0.59    0.09   -0.08
Kb.Time          -0.61  0.27 -0.02  0.30 -0.02   -0.17    0.18    0.36   -0.08
Kb.Weight         0.34  0.30  0.12  0.16  0.31   -0.68   -0.45    0.41   -0.18
Protein          -0.39 -0.29 -0.05 -0.10 -0.33    0.56    0.53   -0.30    0.29
Fat               0.49  0.29  0.20 -0.13  0.21   -0.09   -0.13   -0.16   -0.14
Fat.Protein       0.59  0.48  0.05  0.05  0.32   -0.43   -0.50    0.10   -0.34
Blood.Glucose    -0.15 -0.06  0.43 -0.41 -0.12    0.13    0.07    0.33    0.41
Ketones           0.32  0.13  0.08 -0.07  0.00   -0.31   -0.58   -0.07   -0.11
Weight           -0.84  0.92 -0.77  0.98  0.50    0.82    0.90    0.44   -0.89
Fasted            0.85 -0.08  0.08 -0.31  0.06   -0.45   -0.49    0.03    0.13
              Mg..mg. K..mg. Elec.Net  NA.K IGF.1   MAP   CVL Caff.Dose
RHR              0.11   0.10     0.02 -0.15  0.48 -0.38  0.83     -0.23
Sleep           -0.40  -0.39     0.21  0.11 -0.05 -0.38 -0.25     -0.48
Soreness         0.44   0.34    -0.05 -0.45  0.16 -0.03 -0.01      0.12
Fatigue         -0.28  -0.22     0.11 -0.04 -0.20 -0.44 -0.20     -0.66
Stress          -0.40  -0.38    -0.10  0.13 -0.34 -0.04 -0.13     -0.41
Mood            -0.05  -0.09    -0.08  0.18 -0.63  0.30 -0.23     -0.26
AWQ             -0.25  -0.33    -0.24  0.09 -0.51  0.08 -0.24     -0.30
Cold.Time       -0.23  -0.16    -0.30  0.19 -0.27  0.17  0.17      0.05
Training.Load   -0.43  -0.37    -0.11  0.39 -0.59  0.03 -0.05     -0.08
Training.Time   -0.48  -0.41    -0.13  0.38 -0.70  0.34 -0.05     -0.08
Intensity       -0.28  -0.27     0.03  0.20  0.01 -0.51  0.01     -0.08
Work..          -0.09  -0.13    -0.13  0.17 -0.46  0.10 -0.25     -0.22
Rest..           0.09   0.13     0.13 -0.17  0.46 -0.10  0.25      0.22
Day.Total       -0.24  -0.23    -0.28  0.19 -0.52  0.57 -0.23      0.12
Day.Work        -0.25  -0.25    -0.28  0.21 -0.54  0.54 -0.25      0.09
O6              -0.21  -0.22    -0.12  0.41 -0.07  0.01  0.32      0.15
O3               0.02  -0.06     0.39  0.05 -0.10  0.19 -0.09     -0.20
O6.O3           -0.21  -0.20    -0.40  0.11  0.04 -0.24  0.08      0.31
VitD            -0.43  -0.37    -0.01  0.33 -0.05  0.14  0.16      0.08
Se..ug.          0.43   0.48     0.25 -0.19  0.88  0.16  0.44      0.22
Zn..mg.          0.22   0.34     0.29 -0.38  0.58 -0.29  0.35     -0.02
Na..mg.         -0.56  -0.49     0.37  0.44 -0.09 -0.13 -0.12     -0.22
Ca..mg.          0.42   0.33     0.42 -0.41 -0.02  0.04 -0.33     -0.32
Mg..mg.          1.00   0.96     0.54 -0.63  0.64 -0.06  0.08     -0.26
K..mg.           0.96   1.00     0.62 -0.66  0.67  0.01  0.11     -0.22
Elec.Net         0.54   0.62     1.00 -0.34  0.40 -0.11 -0.05     -0.47
NA.K            -0.63  -0.66    -0.34  1.00 -0.33  0.18 -0.06      0.38
IGF.1            0.64   0.67     0.40 -0.33  1.00 -0.17  0.43     -0.08
MAP             -0.06   0.01    -0.11  0.18 -0.17  1.00  0.20      0.32
CVL              0.08   0.11    -0.05 -0.06  0.43  0.20  1.00     -0.05
Caff.Dose       -0.26  -0.22    -0.47  0.38 -0.08  0.32 -0.05      1.00
Caff.Time       -0.09   0.09     0.08 -0.05  0.27  0.16 -0.22      0.55
Caff.Ratio      -0.36  -0.40    -0.66  0.39 -0.24  0.44  0.15      0.73
Kb.Load         -0.54  -0.57    -0.50  0.43 -0.69  0.45 -0.10      0.24
Kb.Time         -0.16  -0.24     0.07  0.05  0.02 -0.66  0.03     -0.39
Kb.Weight       -0.70  -0.80    -0.46  0.49 -0.77 -0.14 -0.10     -0.09
Protein          0.66   0.77     0.54 -0.53  0.56 -0.03  0.08      0.07
Fat             -0.13  -0.18    -0.34  0.31 -0.38  0.43  0.21      0.51
Fat.Protein     -0.51  -0.58    -0.54  0.55 -0.54  0.39  0.01      0.29
Blood.Glucose    0.41   0.41     0.77  0.06  0.17 -0.10 -0.23     -0.43
Ketones         -0.42  -0.55    -0.62  0.54 -0.43  0.38 -0.19      0.43
Weight           0.49   0.77     0.99 -0.44  0.69  0.00  1.00     -1.00
Fasted          -0.25  -0.21    -0.16  0.16 -0.42  0.34 -0.27     -0.01
              Caff.Time Caff.Ratio Kb.Load Kb.Time Kb.Weight Protein   Fat
RHR               -0.30      -0.12   -0.35    0.42     -0.01    0.09 -0.05
Sleep             -0.05      -0.50    0.10    0.33      0.40   -0.35 -0.29
Soreness          -0.16       0.36   -0.29   -0.01     -0.36    0.38  0.16
Fatigue           -0.25      -0.51    0.05    0.31      0.33   -0.36 -0.34
Stress            -0.11      -0.24    0.46    0.05      0.52   -0.51  0.07
Mood              -0.33       0.03    0.62   -0.28      0.38   -0.31  0.34
AWQ               -0.34       0.08    0.61   -0.10      0.52   -0.50  0.27
Cold.Time         -0.14       0.30    0.37   -0.36      0.06   -0.13  0.14
Training.Load     -0.23       0.02    0.09    0.45      0.49   -0.15 -0.15
Training.Time     -0.20       0.15    0.67   -0.11      0.61   -0.33  0.28
Intensity         -0.11      -0.18   -0.52    0.87      0.21   -0.01 -0.41
Work..            -0.22      -0.08    0.57   -0.18      0.48   -0.33  0.07
Rest..             0.22       0.08   -0.57    0.18     -0.48    0.33 -0.07
Day.Total          0.04       0.32    0.85   -0.65      0.30   -0.36  0.50
Day.Work           0.01       0.30    0.86   -0.61      0.34   -0.39  0.49
O6                -0.06       0.07    0.07    0.27      0.30   -0.29  0.29
O3                -0.17       0.00    0.17   -0.02      0.12   -0.05  0.20
O6.O3              0.04       0.16   -0.13    0.30      0.16   -0.10 -0.13
VitD               0.08       0.01    0.30   -0.02      0.31   -0.33  0.21
Se..ug.            0.12       0.14   -0.52   -0.17     -0.68    0.56 -0.09
Zn..mg.            0.16      -0.10   -0.59    0.18     -0.45    0.53 -0.13
Na..mg.            0.05      -0.28    0.09    0.36      0.41   -0.30 -0.16
Ca..mg.           -0.20      -0.14   -0.08   -0.08     -0.18    0.29 -0.14
Mg..mg.           -0.09      -0.36   -0.54   -0.16     -0.70    0.66 -0.13
K..mg.             0.09      -0.40   -0.57   -0.24     -0.80    0.77 -0.18
Elec.Net           0.08      -0.66   -0.50    0.07     -0.46    0.54 -0.34
NA.K              -0.05       0.39    0.43    0.05      0.49   -0.53  0.31
IGF.1              0.27      -0.24   -0.69    0.02     -0.77    0.56 -0.38
MAP                0.16       0.44    0.45   -0.66     -0.14   -0.03  0.43
CVL               -0.22       0.15   -0.10    0.03     -0.10    0.08  0.21
Caff.Dose          0.55       0.73    0.24   -0.39     -0.09    0.07  0.51
Caff.Time          1.00       0.01   -0.08   -0.35     -0.38    0.23  0.11
Caff.Ratio         0.01       1.00    0.45   -0.35      0.15   -0.09  0.55
Kb.Load           -0.08       0.45    1.00   -0.46      0.64   -0.59  0.61
Kb.Time           -0.35      -0.35   -0.46    1.00      0.38   -0.11 -0.41
Kb.Weight         -0.38       0.15    0.64    0.38      1.00   -0.71  0.22
Protein            0.23      -0.09   -0.59   -0.11     -0.71    1.00 -0.18
Fat                0.11       0.55    0.61   -0.41      0.22   -0.18  1.00
Fat.Protein        0.00       0.36    0.76   -0.23      0.56   -0.78  0.69
Blood.Glucose     -0.12      -0.47   -0.42    0.17     -0.31    0.28 -0.26
Ketones            0.04       0.47    0.44   -0.11      0.33   -0.56  0.44
Weight             0.50      -0.94   -0.51   -0.30     -0.50    0.41 -0.40
Fasted             0.15       0.02    0.70   -0.51      0.27   -0.34  0.39
              Fat.Protein Blood.Glucose Ketones Weight Fasted
RHR                 -0.21         -0.16   -0.39   1.00  -0.46
Sleep               -0.01          0.20   -0.04   0.00   0.30
Soreness            -0.21          0.04   -0.03  -0.76  -0.26
Fatigue              0.03          0.22   -0.30   0.50   0.33
Stress               0.40         -0.08    0.07  -0.50   0.70
Mood                 0.39          0.19    0.11  -0.50   0.70
AWQ                  0.45          0.01    0.15  -0.96   0.71
Cold.Time            0.09         -0.16   -0.02  -0.50   0.35
Training.Load        0.09          0.07    0.06   0.28  -0.15
Training.Time        0.42         -0.04    0.04   0.28   0.39
Intensity           -0.24          0.13   -0.03    NaN  -0.57
Work..               0.30         -0.03   -0.03  -0.72   0.61
Rest..              -0.30          0.03    0.03   0.72  -0.61
Day.Total            0.58         -0.15    0.32  -0.84   0.84
Day.Work             0.59         -0.15    0.32  -0.84   0.85
O6                   0.48         -0.06    0.13   0.92  -0.08
O3                   0.05          0.43    0.08  -0.77   0.08
O6.O3                0.05         -0.41   -0.07   0.98  -0.31
VitD                 0.32         -0.12    0.00   0.50   0.06
Se..ug.             -0.43          0.13   -0.31   0.82  -0.45
Zn..mg.             -0.50          0.07   -0.58   0.90  -0.49
Na..mg.              0.10          0.33   -0.07   0.44   0.03
Ca..mg.             -0.34          0.41   -0.11  -0.89   0.13
Mg..mg.             -0.51          0.41   -0.42   0.49  -0.25
K..mg.              -0.58          0.41   -0.55   0.77  -0.21
Elec.Net            -0.54          0.77   -0.62   0.99  -0.16
NA.K                 0.55          0.06    0.54  -0.44   0.16
IGF.1               -0.54          0.17   -0.43   0.69  -0.42
MAP                  0.39         -0.10    0.38   0.00   0.34
CVL                  0.01         -0.23   -0.19   1.00  -0.27
Caff.Dose            0.29         -0.43    0.43  -1.00  -0.01
Caff.Time            0.00         -0.12    0.04   0.50   0.15
Caff.Ratio           0.36         -0.47    0.47  -0.94   0.02
Kb.Load              0.76         -0.42    0.44  -0.51   0.70
Kb.Time             -0.23          0.17   -0.11  -0.30  -0.51
Kb.Weight            0.56         -0.31    0.33  -0.50   0.27
Protein             -0.78          0.28   -0.56   0.41  -0.34
Fat                  0.69         -0.26    0.44  -0.40   0.39
Fat.Protein          1.00         -0.34    0.68  -0.37   0.48
Blood.Glucose       -0.34          1.00   -0.29   0.92  -0.08
Ketones              0.68         -0.29    1.00  -1.00   0.22
Weight              -0.37          0.92   -1.00   1.00  -0.63
Fasted               0.48         -0.08    0.22  -0.63   1.00

n
              RHR Sleep Soreness Fatigue Stress Mood AWQ Cold.Time
RHR            20    20       20      20     20   20  20        20
Sleep          20    20       20      20     20   20  20        20
Soreness       20    20       20      20     20   20  20        20
Fatigue        20    20       20      20     20   20  20        20
Stress         20    20       20      20     20   20  20        20
Mood           20    20       20      20     20   20  20        20
AWQ            20    20       20      20     20   20  20        20
Cold.Time      20    20       20      20     20   20  20        20
Training.Load  20    20       20      20     20   20  20        20
Training.Time  20    20       20      20     20   20  20        20
Intensity      20    20       20      20     20   20  20        20
Work..         20    20       20      20     20   20  20        20
Rest..         20    20       20      20     20   20  20        20
Day.Total      20    20       20      20     20   20  20        20
Day.Work       20    20       20      20     20   20  20        20
O6             20    20       20      20     20   20  20        20
O3             20    20       20      20     20   20  20        20
O6.O3          20    20       20      20     20   20  20        20
VitD           20    20       20      20     20   20  20        20
Se..ug.        20    20       20      20     20   20  20        20
Zn..mg.        20    20       20      20     20   20  20        20
Na..mg.        20    20       20      20     20   20  20        20
Ca..mg.        20    20       20      20     20   20  20        20
Mg..mg.        20    20       20      20     20   20  20        20
K..mg.         20    20       20      20     20   20  20        20
Elec.Net       20    20       20      20     20   20  20        20
NA.K           20    20       20      20     20   20  20        20
IGF.1          16    16       16      16     16   16  16        16
MAP            20    20       20      20     20   20  20        20
CVL            20    20       20      20     20   20  20        20
Caff.Dose      20    20       20      20     20   20  20        20
Caff.Time      20    20       20      20     20   20  20        20
Caff.Ratio     20    20       20      20     20   20  20        20
Kb.Load        20    20       20      20     20   20  20        20
Kb.Time        20    20       20      20     20   20  20        20
Kb.Weight      20    20       20      20     20   20  20        20
Protein        20    20       20      20     20   20  20        20
Fat            20    20       20      20     20   20  20        20
Fat.Protein    20    20       20      20     20   20  20        20
Blood.Glucose  20    20       20      20     20   20  20        20
Ketones        20    20       20      20     20   20  20        20
Weight          3     3        3       3      3    3   3         3
Fasted         20    20       20      20     20   20  20        20
              Training.Load Training.Time Intensity Work.. Rest.. Day.Total
RHR                      20            20        20     20     20        20
Sleep                    20            20        20     20     20        20
Soreness                 20            20        20     20     20        20
Fatigue                  20            20        20     20     20        20
Stress                   20            20        20     20     20        20
Mood                     20            20        20     20     20        20
AWQ                      20            20        20     20     20        20
Cold.Time                20            20        20     20     20        20
Training.Load            20            20        20     20     20        20
Training.Time            20            20        20     20     20        20
Intensity                20            20        20     20     20        20
Work..                   20            20        20     20     20        20
Rest..                   20            20        20     20     20        20
Day.Total                20            20        20     20     20        20
Day.Work                 20            20        20     20     20        20
O6                       20            20        20     20     20        20
O3                       20            20        20     20     20        20
O6.O3                    20            20        20     20     20        20
VitD                     20            20        20     20     20        20
Se..ug.                  20            20        20     20     20        20
Zn..mg.                  20            20        20     20     20        20
Na..mg.                  20            20        20     20     20        20
Ca..mg.                  20            20        20     20     20        20
Mg..mg.                  20            20        20     20     20        20
K..mg.                   20            20        20     20     20        20
Elec.Net                 20            20        20     20     20        20
NA.K                     20            20        20     20     20        20
IGF.1                    16            16        16     16     16        16
MAP                      20            20        20     20     20        20
CVL                      20            20        20     20     20        20
Caff.Dose                20            20        20     20     20        20
Caff.Time                20            20        20     20     20        20
Caff.Ratio               20            20        20     20     20        20
Kb.Load                  20            20        20     20     20        20
Kb.Time                  20            20        20     20     20        20
Kb.Weight                20            20        20     20     20        20
Protein                  20            20        20     20     20        20
Fat                      20            20        20     20     20        20
Fat.Protein              20            20        20     20     20        20
Blood.Glucose            20            20        20     20     20        20
Ketones                  20            20        20     20     20        20
Weight                    3             3         3      3      3         3
Fasted                   20            20        20     20     20        20
              Day.Work O6 O3 O6.O3 VitD Se..ug. Zn..mg. Na..mg. Ca..mg. Mg..mg.
RHR                 20 20 20    20   20      20      20      20      20      20
Sleep               20 20 20    20   20      20      20      20      20      20
Soreness            20 20 20    20   20      20      20      20      20      20
Fatigue             20 20 20    20   20      20      20      20      20      20
Stress              20 20 20    20   20      20      20      20      20      20
Mood                20 20 20    20   20      20      20      20      20      20
AWQ                 20 20 20    20   20      20      20      20      20      20
Cold.Time           20 20 20    20   20      20      20      20      20      20
Training.Load       20 20 20    20   20      20      20      20      20      20
Training.Time       20 20 20    20   20      20      20      20      20      20
Intensity           20 20 20    20   20      20      20      20      20      20
Work..              20 20 20    20   20      20      20      20      20      20
Rest..              20 20 20    20   20      20      20      20      20      20
Day.Total           20 20 20    20   20      20      20      20      20      20
Day.Work            20 20 20    20   20      20      20      20      20      20
O6                  20 20 20    20   20      20      20      20      20      20
O3                  20 20 20    20   20      20      20      20      20      20
O6.O3               20 20 20    20   20      20      20      20      20      20
VitD                20 20 20    20   20      20      20      20      20      20
Se..ug.             20 20 20    20   20      20      20      20      20      20
Zn..mg.             20 20 20    20   20      20      20      20      20      20
Na..mg.             20 20 20    20   20      20      20      20      20      20
Ca..mg.             20 20 20    20   20      20      20      20      20      20
Mg..mg.             20 20 20    20   20      20      20      20      20      20
K..mg.              20 20 20    20   20      20      20      20      20      20
Elec.Net            20 20 20    20   20      20      20      20      20      20
NA.K                20 20 20    20   20      20      20      20      20      20
IGF.1               16 16 16    16   16      16      16      16      16      16
MAP                 20 20 20    20   20      20      20      20      20      20
CVL                 20 20 20    20   20      20      20      20      20      20
Caff.Dose           20 20 20    20   20      20      20      20      20      20
Caff.Time           20 20 20    20   20      20      20      20      20      20
Caff.Ratio          20 20 20    20   20      20      20      20      20      20
Kb.Load             20 20 20    20   20      20      20      20      20      20
Kb.Time             20 20 20    20   20      20      20      20      20      20
Kb.Weight           20 20 20    20   20      20      20      20      20      20
Protein             20 20 20    20   20      20      20      20      20      20
Fat                 20 20 20    20   20      20      20      20      20      20
Fat.Protein         20 20 20    20   20      20      20      20      20      20
Blood.Glucose       20 20 20    20   20      20      20      20      20      20
Ketones             20 20 20    20   20      20      20      20      20      20
Weight               3  3  3     3    3       3       3       3       3       3
Fasted              20 20 20    20   20      20      20      20      20      20
              K..mg. Elec.Net NA.K IGF.1 MAP CVL Caff.Dose Caff.Time Caff.Ratio
RHR               20       20   20    16  20  20        20        20         20
Sleep             20       20   20    16  20  20        20        20         20
Soreness          20       20   20    16  20  20        20        20         20
Fatigue           20       20   20    16  20  20        20        20         20
Stress            20       20   20    16  20  20        20        20         20
Mood              20       20   20    16  20  20        20        20         20
AWQ               20       20   20    16  20  20        20        20         20
Cold.Time         20       20   20    16  20  20        20        20         20
Training.Load     20       20   20    16  20  20        20        20         20
Training.Time     20       20   20    16  20  20        20        20         20
Intensity         20       20   20    16  20  20        20        20         20
Work..            20       20   20    16  20  20        20        20         20
Rest..            20       20   20    16  20  20        20        20         20
Day.Total         20       20   20    16  20  20        20        20         20
Day.Work          20       20   20    16  20  20        20        20         20
O6                20       20   20    16  20  20        20        20         20
O3                20       20   20    16  20  20        20        20         20
O6.O3             20       20   20    16  20  20        20        20         20
VitD              20       20   20    16  20  20        20        20         20
Se..ug.           20       20   20    16  20  20        20        20         20
Zn..mg.           20       20   20    16  20  20        20        20         20
Na..mg.           20       20   20    16  20  20        20        20         20
Ca..mg.           20       20   20    16  20  20        20        20         20
Mg..mg.           20       20   20    16  20  20        20        20         20
K..mg.            20       20   20    16  20  20        20        20         20
Elec.Net          20       20   20    16  20  20        20        20         20
NA.K              20       20   20    16  20  20        20        20         20
IGF.1             16       16   16    16  16  16        16        16         16
MAP               20       20   20    16  20  20        20        20         20
CVL               20       20   20    16  20  20        20        20         20
Caff.Dose         20       20   20    16  20  20        20        20         20
Caff.Time         20       20   20    16  20  20        20        20         20
Caff.Ratio        20       20   20    16  20  20        20        20         20
Kb.Load           20       20   20    16  20  20        20        20         20
Kb.Time           20       20   20    16  20  20        20        20         20
Kb.Weight         20       20   20    16  20  20        20        20         20
Protein           20       20   20    16  20  20        20        20         20
Fat               20       20   20    16  20  20        20        20         20
Fat.Protein       20       20   20    16  20  20        20        20         20
Blood.Glucose     20       20   20    16  20  20        20        20         20
Ketones           20       20   20    16  20  20        20        20         20
Weight             3        3    3     3   3   3         3         3          3
Fasted            20       20   20    16  20  20        20        20         20
              Kb.Load Kb.Time Kb.Weight Protein Fat Fat.Protein Blood.Glucose
RHR                20      20        20      20  20          20            20
Sleep              20      20        20      20  20          20            20
Soreness           20      20        20      20  20          20            20
Fatigue            20      20        20      20  20          20            20
Stress             20      20        20      20  20          20            20
Mood               20      20        20      20  20          20            20
AWQ                20      20        20      20  20          20            20
Cold.Time          20      20        20      20  20          20            20
Training.Load      20      20        20      20  20          20            20
Training.Time      20      20        20      20  20          20            20
Intensity          20      20        20      20  20          20            20
Work..             20      20        20      20  20          20            20
Rest..             20      20        20      20  20          20            20
Day.Total          20      20        20      20  20          20            20
Day.Work           20      20        20      20  20          20            20
O6                 20      20        20      20  20          20            20
O3                 20      20        20      20  20          20            20
O6.O3              20      20        20      20  20          20            20
VitD               20      20        20      20  20          20            20
Se..ug.            20      20        20      20  20          20            20
Zn..mg.            20      20        20      20  20          20            20
Na..mg.            20      20        20      20  20          20            20
Ca..mg.            20      20        20      20  20          20            20
Mg..mg.            20      20        20      20  20          20            20
K..mg.             20      20        20      20  20          20            20
Elec.Net           20      20        20      20  20          20            20
NA.K               20      20        20      20  20          20            20
IGF.1              16      16        16      16  16          16            16
MAP                20      20        20      20  20          20            20
CVL                20      20        20      20  20          20            20
Caff.Dose          20      20        20      20  20          20            20
Caff.Time          20      20        20      20  20          20            20
Caff.Ratio         20      20        20      20  20          20            20
Kb.Load            20      20        20      20  20          20            20
Kb.Time            20      20        20      20  20          20            20
Kb.Weight          20      20        20      20  20          20            20
Protein            20      20        20      20  20          20            20
Fat                20      20        20      20  20          20            20
Fat.Protein        20      20        20      20  20          20            20
Blood.Glucose      20      20        20      20  20          20            20
Ketones            20      20        20      20  20          20            20
Weight              3       3         3       3   3           3             3
Fasted             20      20        20      20  20          20            20
              Ketones Weight Fasted
RHR                20      3     20
Sleep              20      3     20
Soreness           20      3     20
Fatigue            20      3     20
Stress             20      3     20
Mood               20      3     20
AWQ                20      3     20
Cold.Time          20      3     20
Training.Load      20      3     20
Training.Time      20      3     20
Intensity          20      3     20
Work..             20      3     20
Rest..             20      3     20
Day.Total          20      3     20
Day.Work           20      3     20
O6                 20      3     20
O3                 20      3     20
O6.O3              20      3     20
VitD               20      3     20
Se..ug.            20      3     20
Zn..mg.            20      3     20
Na..mg.            20      3     20
Ca..mg.            20      3     20
Mg..mg.            20      3     20
K..mg.             20      3     20
Elec.Net           20      3     20
NA.K               20      3     20
IGF.1              16      3     16
MAP                20      3     20
CVL                20      3     20
Caff.Dose          20      3     20
Caff.Time          20      3     20
Caff.Ratio         20      3     20
Kb.Load            20      3     20
Kb.Time            20      3     20
Kb.Weight          20      3     20
Protein            20      3     20
Fat                20      3     20
Fat.Protein        20      3     20
Blood.Glucose      20      3     20
Ketones            20      3     20
Weight              3      3      3
Fasted             20      3     20

P
              RHR    Sleep  Soreness Fatigue Stress Mood   AWQ    Cold.Time
RHR                  0.9092 1.0000   0.8357  0.6624 0.0854 0.2224 0.8225   
Sleep         0.9092        0.0427   0.0016  0.0305 0.7479 0.1455 0.7236   
Soreness      1.0000 0.0427          0.2778  0.1132 0.6837 0.6663 0.5236   
Fatigue       0.8357 0.0016 0.2778           0.0033 0.1650 0.0160 0.4818   
Stress        0.6624 0.0305 0.1132   0.0033         0.0209 0.0013 0.3823   
Mood          0.0854 0.7479 0.6837   0.1650  0.0209        0.0000 0.0638   
AWQ           0.2224 0.1455 0.6663   0.0160  0.0013 0.0000        0.2501   
Cold.Time     0.8225 0.7236 0.5236   0.4818  0.3823 0.0638 0.2501          
Training.Load 0.8147 0.6669 0.1578   0.2899  0.9780 0.5954 0.9901 0.9943   
Training.Time 0.3097 0.5024 0.0660   0.1860  0.1891 0.0057 0.0628 0.2064   
Intensity     0.1725 0.3861 0.8241   0.4405  0.5497 0.0426 0.1579 0.3417   
Work..        0.2102 0.7123 0.1589   0.2046  0.0091 0.0003 0.0051 0.4896   
Rest..        0.2102 0.7123 0.1589   0.2046  0.0091 0.0003 0.0051 0.4896   
Day.Total     0.0110 0.8743 0.7154   0.7199  0.0367 0.0003 0.0003 0.0978   
Day.Work      0.0118 0.8018 0.6542   0.6436  0.0246 0.0001 0.0002 0.1083   
O6            0.1780 0.5119 0.5789   0.8063  0.6360 0.7506 0.8331 0.2567   
O3            0.4166 0.2378 0.5216   0.6447  0.9026 0.3501 0.2556 0.7275   
O6.O3         0.3428 0.2706 0.9590   0.9584  0.3727 0.1484 0.3395 0.2174   
VitD          0.7407 0.6149 0.0320   0.9653  0.5255 0.8926 0.6236 0.7658   
Se..ug.       0.1764 0.0545 0.2059   0.0795  0.0031 0.0615 0.0079 0.4261   
Zn..mg.       0.0287 0.3545 0.2970   0.9957  0.1692 0.0323 0.0185 0.7686   
Na..mg.       0.9022 0.0017 0.0133   0.0867  0.1575 0.8838 0.9122 0.5871   
Ca..mg.       0.1438 0.4928 0.0345   0.8015  0.9405 0.3335 0.1388 0.5650   
Mg..mg.       0.6389 0.0822 0.0551   0.2388  0.0793 0.8467 0.2815 0.3252   
K..mg.        0.6829 0.0895 0.1449   0.3492  0.0961 0.6960 0.1574 0.5024   
Elec.Net      0.9419 0.3668 0.8203   0.6439  0.6815 0.7294 0.3030 0.1969   
NA.K          0.5227 0.6531 0.0491   0.8826  0.5832 0.4405 0.6988 0.4170   
IGF.1         0.0571 0.8459 0.5483   0.4619  0.1949 0.0096 0.0422 0.3196   
MAP           0.0987 0.0950 0.8979   0.0527  0.8692 0.1965 0.7478 0.4707   
CVL           0.0000 0.2804 0.9726   0.3910  0.5851 0.3308 0.3004 0.4666   
Caff.Dose     0.3374 0.0320 0.6003   0.0016  0.0750 0.2634 0.2016 0.8312   
Caff.Time     0.1969 0.8491 0.5051   0.2952  0.6418 0.1514 0.1404 0.5608   
Caff.Ratio    0.6124 0.0240 0.1241   0.0231  0.2994 0.8932 0.7508 0.1952   
Kb.Load       0.1281 0.6868 0.2085   0.8427  0.0393 0.0035 0.0041 0.1066   
Kb.Time       0.0656 0.1535 0.9600   0.1781  0.8388 0.2342 0.6843 0.1188   
Kb.Weight     0.9670 0.0806 0.1204   0.1513  0.0193 0.0971 0.0186 0.7907   
Protein       0.7027 0.1276 0.0949   0.1137  0.0217 0.1795 0.0246 0.5946   
Fat           0.8293 0.2086 0.5013   0.1413  0.7719 0.1473 0.2498 0.5562   
Fat.Protein   0.3789 0.9639 0.3823   0.8982  0.0834 0.0935 0.0476 0.7026   
Blood.Glucose 0.4876 0.4047 0.8694   0.3438  0.7307 0.4269 0.9817 0.4937   
Ketones       0.0851 0.8653 0.9039   0.1974  0.7768 0.6360 0.5172 0.9460   
Weight        0.0524 1.0000 0.4544   0.6667  0.6667 0.6667 0.1789 0.6667   
Fasted        0.0428 0.1972 0.2671   0.1606  0.0007 0.0005 0.0005 0.1357   
              Training.Load Training.Time Intensity Work.. Rest.. Day.Total
RHR           0.8147        0.3097        0.1725    0.2102 0.2102 0.0110   
Sleep         0.6669        0.5024        0.3861    0.7123 0.7123 0.8743   
Soreness      0.1578        0.0660        0.8241    0.1589 0.1589 0.7154   
Fatigue       0.2899        0.1860        0.4405    0.2046 0.2046 0.7199   
Stress        0.9780        0.1891        0.5497    0.0091 0.0091 0.0367   
Mood          0.5954        0.0057        0.0426    0.0003 0.0003 0.0003   
AWQ           0.9901        0.0628        0.1579    0.0051 0.0051 0.0003   
Cold.Time     0.9943        0.2064        0.3417    0.4896 0.4896 0.0978   
Training.Load               0.0010        0.0118    0.5744 0.5744 0.7194   
Training.Time 0.0010                      0.6091    0.0393 0.0393 0.0158   
Intensity     0.0118        0.6091                  0.0807 0.0807 0.0004   
Work..        0.5744        0.0393        0.0807                  0.0066   
Rest..        0.5744        0.0393        0.0807                  0.0066   
Day.Total     0.7194        0.0158        0.0004    0.0066 0.0066          
Day.Work      0.7904        0.0128        0.0007    0.0028 0.0028 0.0000   
O6            0.1820        0.5879        0.1673    0.5332 0.5332 0.4912   
O3            0.4958        0.6029        0.4719    0.6683 0.6683 0.2528   
O6.O3         0.1371        0.9689        0.0914    0.9004 0.9004 0.1220   
VitD          0.4249        0.0643        0.9129    0.8235 0.8235 0.7649   
Se..ug.       0.3458        0.0691        0.9183    0.0744 0.0744 0.0320   
Zn..mg.       0.7687        0.2950        0.2564    0.0055 0.0055 0.0036   
Na..mg.       0.1187        0.1259        0.0807    0.9513 0.9513 0.6849   
Ca..mg.       0.1518        0.4024        0.2701    0.7721 0.7721 0.3021   
Mg..mg.       0.0556        0.0329        0.2301    0.7178 0.7178 0.3125   
K..mg.        0.1077        0.0765        0.2415    0.5923 0.5923 0.3287   
Elec.Net      0.6347        0.5788        0.8854    0.5986 0.5986 0.2388   
NA.K          0.0858        0.1028        0.3916    0.4774 0.4774 0.4107   
IGF.1         0.0167        0.0024        0.9624    0.0750 0.0750 0.0389   
MAP           0.8864        0.1455        0.0222    0.6695 0.6695 0.0092   
CVL           0.8306        0.8378        0.9656    0.2822 0.2822 0.3211   
Caff.Dose     0.7319        0.7494        0.7300    0.3555 0.3555 0.6065   
Caff.Time     0.3315        0.3971        0.6530    0.3403 0.3403 0.8563   
Caff.Ratio    0.9176        0.5279        0.4377    0.7430 0.7430 0.1682   
Kb.Load       0.6914        0.0011        0.0194    0.0080 0.0080 0.0000   
Kb.Time       0.0475        0.6380        0.0000    0.4595 0.4595 0.0018   
Kb.Weight     0.0268        0.0044        0.3853    0.0330 0.0330 0.1993   
Protein       0.5244        0.1519        0.9632    0.1562 0.1562 0.1136   
Fat           0.5289        0.2318        0.0705    0.7805 0.7805 0.0237   
Fat.Protein   0.7131        0.0630        0.3012    0.1914 0.1914 0.0070   
Blood.Glucose 0.7654        0.8650        0.5748    0.8858 0.8858 0.5261   
Ketones       0.8005        0.8639        0.9157    0.8976 0.8976 0.1642   
Weight        0.8211        0.8211                  0.4887 0.4887 0.3667   
Fasted        0.5352        0.0913        0.0083    0.0044 0.0044 0.0000   
              Day.Work O6     O3     O6.O3  VitD   Se..ug. Zn..mg. Na..mg.
RHR           0.0118   0.1780 0.4166 0.3428 0.7407 0.1764  0.0287  0.9022 
Sleep         0.8018   0.5119 0.2378 0.2706 0.6149 0.0545  0.3545  0.0017 
Soreness      0.6542   0.5789 0.5216 0.9590 0.0320 0.2059  0.2970  0.0133 
Fatigue       0.6436   0.8063 0.6447 0.9584 0.9653 0.0795  0.9957  0.0867 
Stress        0.0246   0.6360 0.9026 0.3727 0.5255 0.0031  0.1692  0.1575 
Mood          0.0001   0.7506 0.3501 0.1484 0.8926 0.0615  0.0323  0.8838 
AWQ           0.0002   0.8331 0.2556 0.3395 0.6236 0.0079  0.0185  0.9122 
Cold.Time     0.1083   0.2567 0.7275 0.2174 0.7658 0.4261  0.7686  0.5871 
Training.Load 0.7904   0.1820 0.4958 0.1371 0.4249 0.3458  0.7687  0.1187 
Training.Time 0.0128   0.5879 0.6029 0.9689 0.0643 0.0691  0.2950  0.1259 
Intensity     0.0007   0.1673 0.4719 0.0914 0.9129 0.9183  0.2564  0.0807 
Work..        0.0028   0.5332 0.6683 0.9004 0.8235 0.0744  0.0055  0.9513 
Rest..        0.0028   0.5332 0.6683 0.9004 0.8235 0.0744  0.0055  0.9513 
Day.Total     0.0000   0.4912 0.2528 0.1220 0.7649 0.0320  0.0036  0.6849 
Day.Work               0.5482 0.2580 0.1378 0.7822 0.0222  0.0021  0.7418 
O6            0.5482          0.1527 0.0151 0.6056 0.5510  0.9887  0.3567 
O3            0.2580   0.1527        0.0005 0.4314 0.3319  0.4254  0.0963 
O6.O3         0.1378   0.0151 0.0005        0.5773 0.2291  0.3251  0.6060 
VitD          0.7822   0.6056 0.4314 0.5773        0.7401  0.2962  0.0265 
Se..ug.       0.0222   0.5510 0.3319 0.2291 0.7401         0.0102  0.3336 
Zn..mg.       0.0021   0.9887 0.4254 0.3251 0.2962 0.0102          0.9630 
Na..mg.       0.7418   0.3567 0.0963 0.6060 0.0265 0.3336  0.9630         
Ca..mg.       0.2966   0.0120 0.0010 0.0057 0.0739 0.5674  0.2288  0.6793 
Mg..mg.       0.2896   0.3743 0.9247 0.3647 0.0577 0.0588  0.3524  0.0105 
K..mg.        0.2876   0.3487 0.7895 0.4057 0.1083 0.0323  0.1403  0.0280 
Elec.Net      0.2341   0.6192 0.0885 0.0782 0.9789 0.2836  0.2074  0.1115 
NA.K          0.3779   0.0735 0.8411 0.6591 0.1499 0.4129  0.0964  0.0503 
IGF.1         0.0291   0.7895 0.7018 0.8903 0.8446 0.0000  0.0176  0.7457 
MAP           0.0138   0.9501 0.4258 0.3001 0.5493 0.4917  0.2176  0.5802 
CVL           0.2960   0.1634 0.7148 0.7484 0.4915 0.0529  0.1309  0.6203 
Caff.Dose     0.6938   0.5194 0.3951 0.1829 0.7405 0.3546  0.9495  0.3607 
Caff.Time     0.9577   0.8138 0.4723 0.8711 0.7431 0.6042  0.5086  0.8386 
Caff.Ratio    0.1988   0.7704 0.9869 0.4887 0.9718 0.5677  0.6605  0.2317 
Kb.Load       0.0000   0.7725 0.4848 0.5856 0.2004 0.0189  0.0061  0.7163 
Kb.Time       0.0040   0.2520 0.9338 0.2049 0.9381 0.4709  0.4486  0.1194 
Kb.Weight     0.1371   0.2053 0.6225 0.5041 0.1788 0.0010  0.0444  0.0690 
Protein       0.0889   0.2198 0.8446 0.6732 0.1585 0.0109  0.0164  0.1917 
Fat           0.0294   0.2082 0.3994 0.5959 0.3657 0.7112  0.5856  0.4943 
Fat.Protein   0.0063   0.0316 0.8275 0.8333 0.1685 0.0597  0.0261  0.6641 
Blood.Glucose 0.5405   0.7871 0.0570 0.0727 0.6108 0.5856  0.7840  0.1515 
Ketones       0.1687   0.5954 0.7485 0.7740 0.9953 0.1778  0.0079  0.7544 
Weight        0.3667   0.2528 0.4374 0.1281 0.6662 0.3920  0.2863  0.7123 
Fasted        0.0000   0.7302 0.7373 0.1859 0.7875 0.0475  0.0268  0.8867 
              Ca..mg. Mg..mg. K..mg. Elec.Net NA.K   IGF.1  MAP    CVL   
RHR           0.1438  0.6389  0.6829 0.9419   0.5227 0.0571 0.0987 0.0000
Sleep         0.4928  0.0822  0.0895 0.3668   0.6531 0.8459 0.0950 0.2804
Soreness      0.0345  0.0551  0.1449 0.8203   0.0491 0.5483 0.8979 0.9726
Fatigue       0.8015  0.2388  0.3492 0.6439   0.8826 0.4619 0.0527 0.3910
Stress        0.9405  0.0793  0.0961 0.6815   0.5832 0.1949 0.8692 0.5851
Mood          0.3335  0.8467  0.6960 0.7294   0.4405 0.0096 0.1965 0.3308
AWQ           0.1388  0.2815  0.1574 0.3030   0.6988 0.0422 0.7478 0.3004
Cold.Time     0.5650  0.3252  0.5024 0.1969   0.4170 0.3196 0.4707 0.4666
Training.Load 0.1518  0.0556  0.1077 0.6347   0.0858 0.0167 0.8864 0.8306
Training.Time 0.4024  0.0329  0.0765 0.5788   0.1028 0.0024 0.1455 0.8378
Intensity     0.2701  0.2301  0.2415 0.8854   0.3916 0.9624 0.0222 0.9656
Work..        0.7721  0.7178  0.5923 0.5986   0.4774 0.0750 0.6695 0.2822
Rest..        0.7721  0.7178  0.5923 0.5986   0.4774 0.0750 0.6695 0.2822
Day.Total     0.3021  0.3125  0.3287 0.2388   0.4107 0.0389 0.0092 0.3211
Day.Work      0.2966  0.2896  0.2876 0.2341   0.3779 0.0291 0.0138 0.2960
O6            0.0120  0.3743  0.3487 0.6192   0.0735 0.7895 0.9501 0.1634
O3            0.0010  0.9247  0.7895 0.0885   0.8411 0.7018 0.4258 0.7148
O6.O3         0.0057  0.3647  0.4057 0.0782   0.6591 0.8903 0.3001 0.7484
VitD          0.0739  0.0577  0.1083 0.9789   0.1499 0.8446 0.5493 0.4915
Se..ug.       0.5674  0.0588  0.0323 0.2836   0.4129 0.0000 0.4917 0.0529
Zn..mg.       0.2288  0.3524  0.1403 0.2074   0.0964 0.0176 0.2176 0.1309
Na..mg.       0.6793  0.0105  0.0280 0.1115   0.0503 0.7457 0.5802 0.6203
Ca..mg.               0.0623  0.1538 0.0687   0.0712 0.9485 0.8612 0.1575
Mg..mg.       0.0623          0.0000 0.0148   0.0031 0.0080 0.8150 0.7229
K..mg.        0.1538  0.0000         0.0037   0.0015 0.0046 0.9717 0.6463
Elec.Net      0.0687  0.0148  0.0037          0.1474 0.1228 0.6568 0.8335
NA.K          0.0712  0.0031  0.0015 0.1474          0.2099 0.4605 0.8109
IGF.1         0.9485  0.0080  0.0046 0.1228   0.2099        0.5346 0.0970
MAP           0.8612  0.8150  0.9717 0.6568   0.4605 0.5346        0.3867
CVL           0.1575  0.7229  0.6463 0.8335   0.8109 0.0970 0.3867       
Caff.Dose     0.1652  0.2771  0.3445 0.0375   0.1015 0.7574 0.1686 0.8411
Caff.Time     0.3971  0.7176  0.7166 0.7317   0.8331 0.3142 0.4978 0.3437
Caff.Ratio    0.5662  0.1211  0.0822 0.0015   0.0905 0.3807 0.0493 0.5197
Kb.Load       0.7260  0.0148  0.0094 0.0250   0.0578 0.0033 0.0469 0.6868
Kb.Time       0.7367  0.5069  0.3122 0.7625   0.8260 0.9524 0.0016 0.9004
Kb.Weight     0.4464  0.0005  0.0000 0.0437   0.0279 0.0004 0.5667 0.6680
Protein       0.2101  0.0014  0.0000 0.0143   0.0158 0.0239 0.9066 0.7238
Fat           0.5520  0.5780  0.4434 0.1389   0.1880 0.1502 0.0574 0.3705
Fat.Protein   0.1479  0.0203  0.0069 0.0138   0.0116 0.0297 0.0909 0.9649
Blood.Glucose 0.0737  0.0738  0.0717 0.0000   0.8022 0.5180 0.6725 0.3234
Ketones       0.6341  0.0656  0.0128 0.0037   0.0135 0.0925 0.1007 0.4197
Weight        0.3045  0.6748  0.4366 0.0682   0.7117 0.5118 1.0000 0.0514
Fasted        0.5825  0.2838  0.3817 0.5029   0.4882 0.1072 0.1430 0.2548
              Caff.Dose Caff.Time Caff.Ratio Kb.Load Kb.Time Kb.Weight Protein
RHR           0.3374    0.1969    0.6124     0.1281  0.0656  0.9670    0.7027 
Sleep         0.0320    0.8491    0.0240     0.6868  0.1535  0.0806    0.1276 
Soreness      0.6003    0.5051    0.1241     0.2085  0.9600  0.1204    0.0949 
Fatigue       0.0016    0.2952    0.0231     0.8427  0.1781  0.1513    0.1137 
Stress        0.0750    0.6418    0.2994     0.0393  0.8388  0.0193    0.0217 
Mood          0.2634    0.1514    0.8932     0.0035  0.2342  0.0971    0.1795 
AWQ           0.2016    0.1404    0.7508     0.0041  0.6843  0.0186    0.0246 
Cold.Time     0.8312    0.5608    0.1952     0.1066  0.1188  0.7907    0.5946 
Training.Load 0.7319    0.3315    0.9176     0.6914  0.0475  0.0268    0.5244 
Training.Time 0.7494    0.3971    0.5279     0.0011  0.6380  0.0044    0.1519 
Intensity     0.7300    0.6530    0.4377     0.0194  0.0000  0.3853    0.9632 
Work..        0.3555    0.3403    0.7430     0.0080  0.4595  0.0330    0.1562 
Rest..        0.3555    0.3403    0.7430     0.0080  0.4595  0.0330    0.1562 
Day.Total     0.6065    0.8563    0.1682     0.0000  0.0018  0.1993    0.1136 
Day.Work      0.6938    0.9577    0.1988     0.0000  0.0040  0.1371    0.0889 
O6            0.5194    0.8138    0.7704     0.7725  0.2520  0.2053    0.2198 
O3            0.3951    0.4723    0.9869     0.4848  0.9338  0.6225    0.8446 
O6.O3         0.1829    0.8711    0.4887     0.5856  0.2049  0.5041    0.6732 
VitD          0.7405    0.7431    0.9718     0.2004  0.9381  0.1788    0.1585 
Se..ug.       0.3546    0.6042    0.5677     0.0189  0.4709  0.0010    0.0109 
Zn..mg.       0.9495    0.5086    0.6605     0.0061  0.4486  0.0444    0.0164 
Na..mg.       0.3607    0.8386    0.2317     0.7163  0.1194  0.0690    0.1917 
Ca..mg.       0.1652    0.3971    0.5662     0.7260  0.7367  0.4464    0.2101 
Mg..mg.       0.2771    0.7176    0.1211     0.0148  0.5069  0.0005    0.0014 
K..mg.        0.3445    0.7166    0.0822     0.0094  0.3122  0.0000    0.0000 
Elec.Net      0.0375    0.7317    0.0015     0.0250  0.7625  0.0437    0.0143 
NA.K          0.1015    0.8331    0.0905     0.0578  0.8260  0.0279    0.0158 
IGF.1         0.7574    0.3142    0.3807     0.0033  0.9524  0.0004    0.0239 
MAP           0.1686    0.4978    0.0493     0.0469  0.0016  0.5667    0.9066 
CVL           0.8411    0.3437    0.5197     0.6868  0.9004  0.6680    0.7238 
Caff.Dose               0.0115    0.0002     0.3074  0.0889  0.7063    0.7645 
Caff.Time     0.0115              0.9666     0.7490  0.1294  0.1013    0.3286 
Caff.Ratio    0.0002    0.9666               0.0489  0.1342  0.5343    0.7043 
Kb.Load       0.3074    0.7490    0.0489             0.0396  0.0024    0.0064 
Kb.Time       0.0889    0.1294    0.1342     0.0396          0.1007    0.6321 
Kb.Weight     0.7063    0.1013    0.5343     0.0024  0.1007            0.0005 
Protein       0.7645    0.3286    0.7043     0.0064  0.6321  0.0005           
Fat           0.0223    0.6503    0.0115     0.0046  0.0694  0.3426    0.4426 
Fat.Protein   0.2161    0.9856    0.1169     0.0001  0.3253  0.0102    0.0000 
Blood.Glucose 0.0559    0.6228    0.0364     0.0637  0.4778  0.1800    0.2291 
Ketones       0.0556    0.8803    0.0372     0.0503  0.6428  0.1527    0.0110 
Weight        0.0000    0.6667    0.2123     0.6569  0.8081  0.6667    0.7343 
Fasted        0.9555    0.5257    0.9270     0.0006  0.0209  0.2468    0.1486 
              Fat    Fat.Protein Blood.Glucose Ketones Weight Fasted
RHR           0.8293 0.3789      0.4876        0.0851  0.0524 0.0428
Sleep         0.2086 0.9639      0.4047        0.8653  1.0000 0.1972
Soreness      0.5013 0.3823      0.8694        0.9039  0.4544 0.2671
Fatigue       0.1413 0.8982      0.3438        0.1974  0.6667 0.1606
Stress        0.7719 0.0834      0.7307        0.7768  0.6667 0.0007
Mood          0.1473 0.0935      0.4269        0.6360  0.6667 0.0005
AWQ           0.2498 0.0476      0.9817        0.5172  0.1789 0.0005
Cold.Time     0.5562 0.7026      0.4937        0.9460  0.6667 0.1357
Training.Load 0.5289 0.7131      0.7654        0.8005  0.8211 0.5352
Training.Time 0.2318 0.0630      0.8650        0.8639  0.8211 0.0913
Intensity     0.0705 0.3012      0.5748        0.9157         0.0083
Work..        0.7805 0.1914      0.8858        0.8976  0.4887 0.0044
Rest..        0.7805 0.1914      0.8858        0.8976  0.4887 0.0044
Day.Total     0.0237 0.0070      0.5261        0.1642  0.3667 0.0000
Day.Work      0.0294 0.0063      0.5405        0.1687  0.3667 0.0000
O6            0.2082 0.0316      0.7871        0.5954  0.2528 0.7302
O3            0.3994 0.8275      0.0570        0.7485  0.4374 0.7373
O6.O3         0.5959 0.8333      0.0727        0.7740  0.1281 0.1859
VitD          0.3657 0.1685      0.6108        0.9953  0.6662 0.7875
Se..ug.       0.7112 0.0597      0.5856        0.1778  0.3920 0.0475
Zn..mg.       0.5856 0.0261      0.7840        0.0079  0.2863 0.0268
Na..mg.       0.4943 0.6641      0.1515        0.7544  0.7123 0.8867
Ca..mg.       0.5520 0.1479      0.0737        0.6341  0.3045 0.5825
Mg..mg.       0.5780 0.0203      0.0738        0.0656  0.6748 0.2838
K..mg.        0.4434 0.0069      0.0717        0.0128  0.4366 0.3817
Elec.Net      0.1389 0.0138      0.0000        0.0037  0.0682 0.5029
NA.K          0.1880 0.0116      0.8022        0.0135  0.7117 0.4882
IGF.1         0.1502 0.0297      0.5180        0.0925  0.5118 0.1072
MAP           0.0574 0.0909      0.6725        0.1007  1.0000 0.1430
CVL           0.3705 0.9649      0.3234        0.4197  0.0514 0.2548
Caff.Dose     0.0223 0.2161      0.0559        0.0556  0.0000 0.9555
Caff.Time     0.6503 0.9856      0.6228        0.8803  0.6667 0.5257
Caff.Ratio    0.0115 0.1169      0.0364        0.0372  0.2123 0.9270
Kb.Load       0.0046 0.0001      0.0637        0.0503  0.6569 0.0006
Kb.Time       0.0694 0.3253      0.4778        0.6428  0.8081 0.0209
Kb.Weight     0.3426 0.0102      0.1800        0.1527  0.6667 0.2468
Protein       0.4426 0.0000      0.2291        0.0110  0.7343 0.1486
Fat                  0.0007      0.2668        0.0504  0.7399 0.0858
Fat.Protein   0.0007             0.1471        0.0009  0.7600 0.0311
Blood.Glucose 0.2668 0.1471                    0.2075  0.2601 0.7287
Ketones       0.0504 0.0009      0.2075                0.0000 0.3403
Weight        0.7399 0.7600      0.2601        0.0000         0.5672
Fasted        0.0858 0.0311      0.7287        0.3403  0.5672       
